x0,x1,x2,weight,source_index
0.5450980392156862,0.4666666666666667,0.5254901960784314,812.0015487700439,1019523
0.7607843137254902,0.7450980392156863,0.7764705882352941,1104.002105716907,928110
0.5176470588235295,0.5176470588235295,0.23529411764705882,18.000034332340874,885637
0.7647058823529411,0.5098039215686274,0.23137254901960785,39.00007438673856,818840
0.5176470588235295,0.24313725490196078,0.03137254901960784,81.00015449553393,802583
0.7490196078431373,0.48627450980392156,0.23921568627450981,7.0000133514658955,824983
0.10980392156862745,0.21176470588235294,0.12156862745098039,138.00026321461337,10238
0.1450980392156863,0.11764705882352941,0.14901960784313725,798.0015220671121,861741
0.24313725490196078,0.3764705882352941,0.11764705882352941,4.000007629409083,452606
0.12156862745098039,0.25098039215686274,0.16862745098039217,17.000032424988603,3828
0.24313725490196078,0.3764705882352941,0.18823529411764706,126.00024032638612,372526
0.4588235294117647,0.25098039215686274,0.12156862745098039,44.000083923499915,848503
0.27450980392156865,0.3843137254901961,0.12156862745098039,343.0006542218289,483318
0.41568627450980394,0.39215686274509803,0.12156862745098039,4.000007629409083,919516
0.6823529411764706,0.5254901960784314,0.35294117647058826,472.0009002702718,874175
0.611764705882353,0.6274509803921569,0.3686274509803922,1.0000019073522708,907195
0.6274509803921569,0.6235294117647059,0.37254901960784315,8.000015258818166,875370
0.611764705882353,0.6313725490196078,0.4980392156862745,387.0007381453288,246014
0.6431372549019608,0.6235294117647059,0.4196078431372549,338.0006446850675,873315
0.9058823529411765,0.8196078431372549,0.788235294117647,162.00030899106787,929931
0.8509803921568627,0.8784313725490196,0.8627450980392157,281.0005359659881,103821
0.8901960784313725,0.8941176470588236,0.8274509803921568,159.00030326901106,505541
0.8784313725490196,0.8705882352941177,0.8745098039215686,2.0000038147045416,888985
0.6274509803921569,0.37254901960784315,0.2901960784313726,4.000007629409083,1015010
0.5215686274509804,0.3686274509803922,0.4,322.0006141674312,955596
0.24705882352941178,0.5098039215686274,0.6352941176470588,2.0000038147045416,931830
0.4588235294117647,0.6352941176470588,0.7529411764705882,13.00002479557952,922587
0.49019607843137253,0.5019607843137255,0.23529411764705882,1.0000019073522708,906169
0.19215686274509805,0.36470588235294116,0.5215686274509804,182.00034713811328,162073
0.17254901960784313,0.3215686274509804,0.17647058823529413,2385.004549035166,74634
0.16470588235294117,0.30196078431372547,0.2,3305.006303799255,26405
0.1843137254901961,0.3176470588235294,0.19607843137254902,242.00046157924953,148297
0.2549019607843137,0.12156862745098039,0.03137254901960784,141.00026893667018,822064
0.2549019607843137,0.12156862745098039,0.12549019607843137,25.00004768380677,929995
0.6078431372549019,0.7647058823529411,0.7764705882352941,8.000015258818166,200232
0.7450980392156863,0.8,0.8745098039215686,16.000030517636333,853533
0.7411764705882353,0.8823529411764706,0.8862745098039215,2.0000038147045416,841088
0.6196078431372549,0.6196078431372549,0.7490196078431373,2.0000038147045416,901964
0.5607843137254902,0.7058823529411765,0.7843137254901961,270.0005149851131,175405
0.20392156862745098,0.1803921568627451,0.19215686274509805,406.00077438502194,369922
0.1803921568627451,0.19215686274509805,0.22745098039215686,2884.005500803949,170382
0.25098039215686274,0.30980392156862746,0.1843137254901961,129.00024604844293,682755
0.35294117647058826,0.25098039215686274,0.17647058823529413,325.000619889488,767667
0.3137254901960784,0.3333333333333333,0.1411764705882353,156.00029754695424,719624
0.3058823529411765,0.2549019607843137,0.19215686274509805,2522.004810342427,673476
0.34901960784313724,0.3215686274509804,0.21568627450980393,1520.0028991754516,8192
0.30980392156862746,0.44313725490196076,0.1803921568627451,110.00020980874979,439119
0.34901960784313724,0.4470588235294118,0.1843137254901961,946.0018043552482,480084
0.30980392156862746,0.4470588235294118,0.2,91.00017356905664,420663
0.3333333333333333,0.4549019607843137,0.18823529411764706,1266.0024147079748,443251
0.8156862745098039,0.792156862745098,0.7803921568627451,731.00139427451,887076
0.803921568627451,0.8235294117647058,0.807843137254902,402.00076675561286,474784
0.8196078431372549,0.8156862745098039,0.8,566.0010795613853,874591
0.8156862745098039,0.8,0.8117647058823529,156.00029754695424,865365
0.12156862745098039,0.2549019607843137,0.34901960784313724,17.000032424988603,554629
0.24705882352941178,0.3803921568627451,0.27058823529411763,18.000034332340874,130530
0.12156862745098039,0.2627450980392157,0.42745098039215684,6.000011444113625,158999
0.22745098039215686,0.3764705882352941,0.49019607843137253,124.00023651168158,461409
0.34509803921568627,0.5098039215686274,0.5882352941176471,378.00072097915836,407065
0.4980392156862745,0.6392156862745098,0.5450980392156862,6.000011444113625,680663
0.3568627450980392,0.5176470588235295,0.6392156862745098,118.00022506756795,165149
0.49019607843137253,0.6235294117647059,0.6784313725490196,80.00015258818166,457245
0.3686274509803922,0.5254901960784314,0.4745098039215686,12.00002288822725,234058
0.058823529411764705,0.06274509803921569,0.058823529411764705,2.0000038147045416,836007
0.07058823529411765,0.06274509803921569,0.054901960784313725,2063.0039348677346,606588
0.058823529411764705,0.043137254901960784,0.07058823529411765,1421.0027103475768,861639
0.07450980392156863,0.054901960784313725,0.06274509803921569,786.0014991788848,859522
0.054901960784313725,0.0784313725490196,0.10196078431372549,644.0012283348624,374197
0.25098039215686274,0.3686274509803922,0.5294117647058824,37.00007057203402,427569
0.3764705882352941,0.37254901960784315,0.5098039215686274,2.0000038147045416,895539
0.32941176470588235,0.49411764705882355,0.6392156862745098,24.0000457764545,165152
0.44313725490196076,0.48627450980392156,0.6274509803921569,16.000030517636333,980968
0.7137254901960784,0.6823529411764706,0.6588235294117647,2581.004922876211,912563
0.6784313725490196,0.7019607843137254,0.6705882352941176,784.0014953641803,120263
0.7294117647058823,0.7254901960784313,0.6470588235294118,1466.002796178429,677557
0.6862745098039216,0.6588235294117647,0.6980392156862745,2740.005226145222,1039988
0.39215686274509803,0.3803921568627451,0.3686274509803922,1270.002422337384,439977
0.4627450980392157,0.403921568627451,0.3686274509803922,1945.0037098001667,795049
0.08627450980392157,0.10980392156862745,0.2784313725490196,75.00014305142031,948111
0.1450980392156863,0.12156862745098039,0.27450980392156865,4.000007629409083,941948
0.09019607843137255,0.1803921568627451,0.2823529411764706,422.0008049026583,234011
0.10980392156862745,0.23529411764705882,0.396078431372549,20.000038147045416,156949
0.1568627450980392,0.23921568627450981,0.3764705882352941,77.00014686612485,242195
0.6235294117647059,0.5294117647058824,0.4117647058823529,3310.0063133360163,62586
0.7137254901960784,0.5176470588235295,0.4235294117647059,271.0005168924654,1003615
0.7098039215686275,0.5647058823529412,0.39215686274509803,80.00015258818166,873151
0.6941176470588235,0.5058823529411764,0.44313725490196076,1547.002950673963,1045789
0.6862745098039216,0.615686274509804,0.4980392156862745,2032.0038757398142,110847
0.5254901960784314,0.5333333333333333,0.48627450980392156,1020.0019454993162,462489
0.5647058823529412,0.5411764705882353,0.4470588235294118,1272.0024261520884,674467
0.5450980392156862,0.5882352941176471,0.45098039215686275,2293.004373558757,343200
0.6823529411764706,0.7647058823529411,0.803921568627451,211.00040245132914,147735
0.6823529411764706,0.8117647058823529,0.7803921568627451,2.0000038147045416,236108
0.7411764705882353,0.8352941176470589,0.803921568627451,21.000040054397687,122317
0.6509803921568628,0.7686274509803922,0.8313725490196079,72.0001373293635,922584
0.6823529411764706,0.8274509803921568,0.8705882352941177,2.0000038147045416,870898
0.7411764705882353,0.8274509803921568,0.8549019607843137,119.00022697492022,881514
0.2901960784313726,0.1803921568627451,0.17254901960784313,2464.0046997159952,936641
0.3137254901960784,0.1843137254901961,0.14901960784313725,958.0018272434754,947790
0.26666666666666666,0.1843137254901961,0.19607843137254902,135.00025749255656,184618
0.3411764705882353,0.17254901960784313,0.19215686274509805,70.00013351465896,909431
0.7490196078431373,0.5764705882352941,0.5098039215686274,561.0010700246239,1006696
0.8784313725490196,0.7411764705882353,0.6784313725490196,10.000019073522708,994504
0.6549019607843137,0.6823529411764706,0.7490196078431373,23.000043869102228,961876
0.6941176470588235,0.6470588235294118,0.7529411764705882,1.0000019073522708,901963
0.6823529411764706,0.7411764705882353,0.8156862745098039,27.00005149851131,859467
0.6901960784313725,0.7372549019607844,0.8235294117647058,7.0000133514658955,859472
0.5176470588235295,0.403921568627451,0.3058823529411765,3241.0061817287096,741739
0.6,0.38823529411764707,0.30980392156862746,811.0015468626916,916559
0.5098039215686274,0.4549019607843137,0.27450980392156865,2966.005657206835,116750
0.5764705882352941,0.4549019607843137,0.3058823529411765,202.0003852851587,740004
0.5450980392156862,0.3843137254901961,0.3686274509803922,2651.00505639087,980222
0.5176470588235295,0.4392156862745098,0.3176470588235294,2141.0040836412118,726685
0.5686274509803921,0.5568627450980392,0.30980392156862746,673.0012836480782,198833
0.5490196078431373,0.5607843137254902,0.30980392156862746,18.000034332340874,216246
0.6078431372549019,0.5607843137254902,0.3058823529411765,24.0000457764545,801574
0.5058823529411764,0.5568627450980392,0.3607843137254902,3292.0062790036754,286902
0.5137254901960784,0.5647058823529412,0.37254901960784315,1087.0020732919184,300198
0.596078431372549,0.5647058823529412,0.33725490196078434,2602.0049629306086,178320
0.12549019607843137,0.058823529411764705,0.03137254901960784,52.00009918231808,843440
0.2235294117647059,0.054901960784313725,0.058823529411764705,1.0000019073522708,1005684
0.1803921568627451,0.09019607843137255,0.0392156862745098,2858.00545121279,824093
0.23137254901960785,0.10980392156862745,0.047058823529411764,1607.0030651150992,863026
0.17647058823529413,0.050980392156862744,0.07058823529411765,8.000015258818166,853103
0.23529411764705882,0.10980392156862745,0.09803921568627451,1054.0020103492934,1008764
0.41568627450980394,0.2901960784313726,0.2549019607843137,2431.0046367733703,968235
0.4823529411764706,0.2823529411764706,0.27058823529411763,1871.0035686560987,1017005
0.4235294117647059,0.36470588235294116,0.2901960784313726,3521.0067157873455,692798
0.38823529411764707,0.28627450980392155,0.3137254901960784,476.0009078996809,975520
0.4549019607843137,0.27450980392156865,0.3176470588235294,246.00046920865861,937167
0.42745098039215684,0.3686274509803922,0.3568627450980392,1134.002162937475,489152
0.47843137254901963,0.37254901960784315,0.3411764705882353,1251.0023860976908,885114
0.13725490196078433,0.25882352941176473,0.1411764705882353,7634.014560727235,40828
0.1568627450980392,0.2784313725490196,0.15294117647058825,1951.0037212442803,107457
0.15294117647058825,0.28627450980392155,0.15294117647058825,277.000528336579,78747
0.1568627450980392,0.28627450980392155,0.15294117647058825,1490.0028419548835,97181
0.14901960784313725,0.25882352941176473,0.17254901960784313,12708.024238632657,148277
0.15294117647058825,0.2823529411764706,0.1843137254901961,1662.003170019474,125741
0.050980392156862744,0.13725490196078433,0.1843137254901961,1.0000019073522708,201110
0.09411764705882353,0.1843137254901961,0.13333333333333333,2933.0055942642102,115372
0.050980392156862744,0.17647058823529413,0.2196078431372549,8.000015258818166,124371
0.12156862745098039,0.1607843137254902,0.21176470588235294,1066.0020332375207,872965
0.058823529411764705,0.19607843137254902,0.23921568627450981,2.0000038147045416,169480
0.06666666666666667,0.2196078431372549,0.21568627450980393,28.000053405863582,157174
0.3607843137254902,0.3058823529411765,0.2549019607843137,1716.0032730164967,494897
0.30980392156862746,0.3176470588235294,0.30980392156862746,282.00053787334036,183625
0.3215686274509804,0.3176470588235294,0.30980392156862746,1538.0029335077925,427310
0.2901960784313726,0.3058823529411765,0.33725490196078434,2035.003881461871,391808
0.32941176470588235,0.30196078431372547,0.3254901960784314,416.00079345854465,134531
0.2901960784313726,0.3176470588235294,0.3176470588235294,2018.0038490368825,652928
0.3568627450980392,0.33725490196078434,0.33725490196078434,2489.004747399802,358880
0.5019607843137255,0.6431372549019608,0.6392156862745098,954.0018196140663,179734
0.5529411764705883,0.7019607843137254,0.6705882352941176,4.000007629409083,174612
0.615686274509804,0.6941176470588235,0.6588235294117647,57.000108719079435,282229
0.5529411764705883,0.6235294117647059,0.6862745098039216,568.0010833760898,966432
0.5568627450980392,0.6941176470588235,0.6941176470588235,11.000020980874979,257633
0.6196078431372549,0.6941176470588235,0.7294117647058823,742.0014152553849,550937
0.5490196078431373,0.4,0.39215686274509803,1208.0023040815431,992527
0.5137254901960784,0.4588235294117647,0.38823529411764707,1339.0025539446906,633356
0.6196078431372549,0.4588235294117647,0.43137254901960786,3560.006790174084,968830
0.5411764705882353,0.4196078431372549,0.47058823529411764,267.0005092630563,1015191
0.5764705882352941,0.4235294117647059,0.44313725490196076,148.00028228813608,972291
0.5450980392156862,0.44313725490196076,0.4823529411764706,830.0015831023848,1012342
0.6,0.4627450980392157,0.4392156862745098,1952.0037231516326,1030570
0.5607843137254902,0.28627450980392155,0.11372549019607843,302.0005760203858,845436
0.6313725490196078,0.3333333333333333,0.06274509803921569,5.000009536761354,791306
0.6235294117647059,0.34901960784313724,0.17254901960784313,44.000083923499915,852603
0.6039215686274509,0.39215686274509803,0.21568627450980393,310.00059127920395,867003
0.6745098039215687,0.4196078431372549,0.1843137254901961,383.0007305159197,785154
0.5294117647058824,0.5372549019607843,0.5529411764705883,2055.0039196089165,127352
0.5725490196078431,0.5568627450980392,0.5137254901960784,1105.0021076242592,312788
0.5333333333333333,0.5607843137254902,0.5490196078431373,563.0010738393285,310583
0.5607843137254902,0.5647058823529412,0.5372549019607843,1481.002824788713,216350
0.5529411764705883,0.5450980392156862,0.5725490196078431,1363.002599721145,318071
0.5647058823529412,0.5450980392156862,0.5686274509803921,597.0011386893057,884060
0.5215686274509804,0.611764705882353,0.6078431372549019,2233.0042591176207,555634
0.5607843137254902,0.592156862745098,0.5647058823529412,2969.005662928892,361111
0.4,0.27058823529411763,0.17647058823529413,434.0008277908855,703161
0.4980392156862745,0.30196078431372547,0.1450980392156863,541.0010318775785,842569
0.41568627450980394,0.3686274509803922,0.1843137254901961,10.000019073522708,714454
0.44313725490196076,0.3176470588235294,0.1843137254901961,21.000040054397687,751242
0.4823529411764706,0.28627450980392155,0.24313725490196078,1676.0031967224058,985207
0.403921568627451,0.3176470588235294,0.24705882352941178,3206.00611497138,788974
0.4470588235294118,0.35294117647058826,0.24705882352941178,1142.0021781962932,8285
0.23921568627450981,0.12549019607843137,0.054901960784313725,156.00029754695424,849711
0.2196078431372549,0.24313725490196078,0.058823529411764705,1.0000019073522708,922599
0.12549019607843137,0.19215686274509805,0.12156862745098039,22.000041961749957,273181
0.23529411764705882,0.24705882352941178,0.06666666666666667,3.0000057220568124,930813
0.42745098039215684,0.403921568627451,0.3843137254901961,2133.0040683823936,438525
0.49411764705882355,0.40784313725490196,0.4196078431372549,982.0018730199299,908776
0.3764705882352941,0.4392156862745098,0.3803921568627451,426.00081253206736,619212
0.4549019607843137,0.4588235294117647,0.42745098039215684,1122.0021400492478,271648
0.3764705882352941,0.4235294117647059,0.44313725490196076,1375.0026226093723,144710
0.4392156862745098,0.4235294117647059,0.4392156862745098,813.0015506773962,322169
0.3843137254901961,0.4470588235294118,0.47843137254901963,1940.0037002634053,479895
0.47843137254901963,0.47058823529411764,0.4588235294117647,2071.003950126553,283946
0.1843137254901961,0.26666666666666666,0.11764705882352941,602.001148226067,667623
0.25098039215686274,0.32941176470588235,0.12941176470588237,5633.010744115341,778195
0.3058823529411765,0.32941176470588235,0.13333333333333333,101.00019264257935,898989
0.2627450980392157,0.36470588235294116,0.1450980392156863,11298.021549265955,567271
0.28627450980392155,0.34901960784313724,0.1450980392156863,449.0008564011696,807727
0.2549019607843137,0.3411764705882353,0.1568627450980392,2206.0042076191094,622498
0.3058823529411765,0.3333333333333333,0.1843137254901961,34.00006484997721,388774
0.2823529411764706,0.36470588235294116,0.16862745098039217,5368.01023866699,594811
0.6549019607843137,0.5372549019607843,0.5176470588235295,1302.0024833726566,998970
0.6980392156862745,0.5450980392156862,0.5058823529411764,748.0014266994986,1047752
0.6509803921568628,0.611764705882353,0.5098039215686274,1450.0027656607926,624909
0.6941176470588235,0.615686274509804,0.5411764705882353,2719.0051860908243,257331
0.6509803921568628,0.5568627450980392,0.5686274509803921,132.00025177049974,934173
0.6980392156862745,0.5490196078431373,0.5607843137254902,3.0000057220568124,913531
0.6705882352941176,0.5686274509803921,0.5647058823529412,1944.0037078928144,1048036
0.6901960784313725,0.5882352941176471,0.5843137254901961,1452.0027694754972,997943
0.41568627450980394,0.5176470588235295,0.5450980392156862,768.001464846544,521821
0.48627450980392156,0.5294117647058824,0.5333333333333333,1889.0036029884395,421488
0.396078431372549,0.5647058823529412,0.5568627450980392,6.000011444113625,118217
0.4980392156862745,0.5647058823529412,0.5411764705882353,73.00013923671577,324073
0.4117647058823529,0.5450980392156862,0.596078431372549,2244.0042800984957,572045
0.4549019607843137,0.5333333333333333,0.5686274509803921,3020.005760203858,313860
0.41568627450980394,0.5607843137254902,0.5647058823529412,73.00013923671577,102810
0.4980392156862745,0.5725490196078431,0.6039215686274509,1082.002063755157,427602
0.5098039215686274,0.5490196078431373,0.6274509803921569,282.00053787334036,1005248
0.5803921568627451,0.5450980392156862,0.6235294117647059,17.000032424988603,894232
0.6039215686274509,0.5843137254901961,0.6470588235294118,3261.006219875755,981494
0.5215686274509804,0.5529411764705883,0.6901960784313725,1.0000019073522708,857420
0.5725490196078431,0.5529411764705883,0.6862745098039216,1.0000019073522708,902984
0.5019607843137255,0.6196078431372549,0.6862745098039216,158.00030136165879,433712
0.5607843137254902,0.615686274509804,0.6901960784313725,98.00018692052254,975617
0.43529411764705883,0.5019607843137255,0.2901960784313726,51.00009727496581,282770
0.4666666666666667,0.5137254901960784,0.27058823529411763,1985.0037860942575,238737
0.43529411764705883,0.5058823529411764,0.3333333333333333,74.00014114406804,320623
0.4980392156862745,0.5607843137254902,0.3686274509803922,1.0000019073522708,300189
0.5294117647058824,0.30980392156862746,0.25098039215686274,573.0010929128512,970787
0.5725490196078431,0.30980392156862746,0.2549019607843137,5.000009536761354,1017067
0.5372549019607843,0.3137254901960784,0.25098039215686274,2882.0054969892444,951315
0.5764705882352941,0.36470588235294116,0.2980392156862745,1629.0031070768491,907307
0.5176470588235295,0.30980392156862746,0.3176470588235294,13.00002479557952,928169
0.5137254901960784,0.34509803921568627,0.34509803921568627,2708.0051651099493,1014109
0.5647058823529412,0.3568627450980392,0.3137254901960784,754.0014381436122,965694
0.1568627450980392,0.1803921568627451,0.25098039215686274,216.0004119880905,277950
0.2196078431372549,0.1803921568627451,0.27058823529411763,24.0000457764545,934760
0.16862745098039217,0.2235294117647059,0.2980392156862745,3214.0061302301983,471565
0.19215686274509805,0.23137254901960785,0.30196078431372547,3629.0069217813907,173517
0.1607843137254902,0.13725490196078433,0.3137254901960784,9.000017166170437,947083
0.2235294117647059,0.1843137254901961,0.3333333333333333,7.0000133514658955,939895
0.1607843137254902,0.24313725490196078,0.3137254901960784,893.0017032655778,547443
0.19607843137254902,0.23921568627450981,0.3137254901960784,348.00066375859024,335379
0.21176470588235294,0.3137254901960784,0.15294117647058825,123.00023460432931,192496
0.23921568627450981,0.3333333333333333,0.13333333333333333,14519.02769284762,577520
0.24705882352941178,0.34509803921568627,0.13725490196078433,1577.003007894531,553925
0.20392156862745098,0.3137254901960784,0.1803921568627451,7016.013381983532,249521
0.2235294117647059,0.32941176470588235,0.1843137254901961,7124.013587977577,460551
0.21568627450980393,0.34509803921568627,0.17647058823529413,178.0003395087042,158701
0.24313725490196078,0.35294117647058826,0.1843137254901961,2654.0050621129267,339828
0.2980392156862745,0.3803921568627451,0.40784313725490196,435.0008296982378,387584
0.35294117647058826,0.40784313725490196,0.4196078431372549,1851.0035305090532,451048
0.2901960784313726,0.4549019607843137,0.43137254901960786,11.000020980874979,104867
0.34901960784313724,0.4549019607843137,0.403921568627451,70.00013351465896,256267
0.25882352941176473,0.3764705882352941,0.4470588235294118,2255.0043010793706,529021
0.34509803921568627,0.41568627450980394,0.47843137254901963,2501.0047702880292,428649
0.2980392156862745,0.4392156862745098,0.49019607843137253,30.000057220568124,527972
0.3254901960784314,0.4470588235294118,0.4980392156862745,712.0013580348168,484900
0.1803921568627451,0.25882352941176473,0.2980392156862745,66.00012588524987,607941
0.2235294117647059,0.27058823529411763,0.30980392156862746,2391.0045604792795,217551
0.17254901960784313,0.3254901960784314,0.2901960784313726,8.000015258818166,199209
0.2235294117647059,0.3137254901960784,0.2549019607843137,52.00009918231808,108980
0.1843137254901961,0.2784313725490196,0.36470588235294116,645.0012302422147,285157
0.1803921568627451,0.34901960784313724,0.3176470588235294,16.000030517636333,152048
0.23921568627450981,0.3137254901960784,0.3686274509803922,190.00036239693145,448002
0.803921568627451,0.7529411764705882,0.6,8.000015258818166,224609
0.8823529411764706,0.7686274509803922,0.6078431372549019,1.0000019073522708,148720
0.8745098039215686,0.807843137254902,0.6901960784313725,34.00006484997721,148716
0.6235294117647059,0.43529411764705883,0.3764705882352941,241.00045967189726,949282
0.6941176470588235,0.48627450980392156,0.43137254901960786,179.00034141605647,943226
0.6431372549019608,0.43137254901960786,0.4392156862745098,1.0000019073522708,1042558
0.6235294117647059,0.4823529411764706,0.4588235294117647,2477.0047245115748,989468
0.7058823529411765,0.4980392156862745,0.4470588235294118,33.000062942624936,934103
0.12941176470588237,0.21568627450980393,0.15294117647058825,1569.0029926357129,127733
0.1607843137254902,0.21568627450980393,0.13725490196078433,8.000015258818166,135655
0.12941176470588237,0.2235294117647059,0.14901960784313725,10227.019506491673,173811
0.1568627450980392,0.24313725490196078,0.14901960784313725,917.0017490420323,336631
0.12549019607843137,0.21176470588235294,0.1568627450980392,63.00012016319306,110328
0.1843137254901961,0.18823529411764706,0.1843137254901961,65.0001239778976,460243
0.12941176470588237,0.24705882352941178,0.16862745098039217,13369.025499392508,4827
0.16470588235294117,0.24705882352941178,0.1568627450980392,860.0016403229529,265014
0.25098039215686274,0.2980392156862745,0.3764705882352941,232.00044250572682,320001
0.32941176470588235,0.2980392156862745,0.3803921568627451,85.00016212494302,953038
0.29411764705882354,0.36470588235294116,0.4,3298.006290447789,602781
0.3137254901960784,0.3607843137254902,0.38823529411764707,1517.0028934533948,376414
0.25882352941176473,0.27058823529411763,0.44313725490196076,12.00002288822725,949135
0.3137254901960784,0.30196078431372547,0.4588235294117647,1.0000019073522708,856382
0.2784313725490196,0.33725490196078434,0.4392156862745098,1250.0023841903385,148954
0.37254901960784315,0.3686274509803922,0.47058823529411764,248.00047302336316,958166
0.7607843137254902,0.7764705882352941,0.8352941176470589,293.00055885421534,830574
0.792156862745098,0.7764705882352941,0.8156862745098039,29.000055313215853,830553
0.7803921568627451,0.8,0.8117647058823529,3434.006549847698,187919
0.7686274509803922,0.807843137254902,0.8431372549019608,118.00022506756795,574489
0.788235294117647,0.803921568627451,0.8509803921568627,87.00016593964756,873675
0.2784313725490196,0.3843137254901961,0.1450980392156863,3393.006471646255,542697
0.28627450980392155,0.3803921568627451,0.13333333333333333,4487.008558289639,490411
0.2784313725490196,0.40784313725490196,0.1411764705882353,3.0000057220568124,464879
0.29411764705882354,0.4117647058823529,0.14901960784313725,481.00091743644225,482273
0.26666666666666666,0.396078431372549,0.17647058823529413,4858.0092659173315,392020
0.3058823529411765,0.4,0.17647058823529413,8388.015998870847,763722
0.27450980392156865,0.4117647058823529,0.17254901960784313,265.00050544835176,404318
0.29411764705882354,0.4196078431372549,0.1803921568627451,3321.0063343168913,439092
0.0784313725490196,0.08235294117647059,0.09019607843137255,6516.0124283073965,371015
0.09803921568627451,0.08235294117647059,0.07450980392156863,5045.009622592206,659938
0.09019607843137255,0.09411764705882353,0.09019607843137255,3.0000057220568124,458175
0.11372549019607843,0.09803921568627451,0.09019607843137255,2337.004457482257,618968
0.06666666666666667,0.08235294117647059,0.10196078431372549,2446.0046653836544,491007
0.10980392156862745,0.08627450980392157,0.09803921568627451,902.0017204317483,205117
0.09019607843137255,0.09803921568627451,0.11764705882352941,885.0016880067597,238997
0.09803921568627451,0.10588235294117647,0.12156862745098039,6732.012840295487,365992
0.30196078431372547,0.41568627450980394,0.25882352941176473,233.0004444130791,175641
0.30980392156862746,0.4470588235294118,0.27058823529411763,1.0000019073522708,203315
0.3254901960784314,0.4392156862745098,0.25098039215686274,770.0014686612485,222793
0.2980392156862745,0.43529411764705883,0.3333333333333333,41.0000782014431,681687
0.36470588235294116,0.3843137254901961,0.37254901960784315,329.0006275188971,593463
0.2980392156862745,0.45098039215686275,0.37254901960784315,12.00002288822725,255585
0.3254901960784314,0.4470588235294118,0.3411764705882353,79.00015068082939,687836
0.19215686274509805,0.2784313725490196,0.12549019607843137,172.00032806459058,668625
0.2196078431372549,0.25882352941176473,0.15294117647058825,5.000009536761354,642810
0.2,0.29411764705882354,0.12549019607843137,6029.011499426841,629740
0.2235294117647059,0.30980392156862746,0.13333333333333333,3714.0070839063337,709564
0.18823529411764706,0.27450980392156865,0.16470588235294117,982.0018730199299,273323
0.2196078431372549,0.25882352941176473,0.17647058823529413,51.00009727496581,599792
0.2,0.30980392156862746,0.1607843137254902,12608.02404789743,345913
0.2235294117647059,0.30196078431372547,0.1803921568627451,533.0010166187603,365259
0.3803921568627451,0.396078431372549,0.17647058823529413,64.00012207054533,716550
0.4470588235294118,0.4196078431372549,0.1450980392156863,4.000007629409083,900011
0.43137254901960786,0.4392156862745098,0.16862745098039217,1.0000019073522708,875372
0.4745098039215686,0.47058823529411764,0.1843137254901961,20.000038147045416,885638
0.3803921568627451,0.4117647058823529,0.21176470588235294,2035.003881461871,212040
0.4392156862745098,0.43529411764705883,0.23921568627450981,88.00016784699983,174089
0.3764705882352941,0.4392156862745098,0.23921568627450981,2502.0047721953815,276594
0.4392156862745098,0.4549019607843137,0.24313725490196078,841.0016040832597,198721
0.20784313725490197,0.3215686274509804,0.19215686274509805,5685.010843297659,22037
0.2235294117647059,0.3411764705882353,0.20392156862745098,8505.016222031063,407280
0.20784313725490197,0.34509803921568627,0.18823529411764706,196.00037384104508,362269
0.23137254901960785,0.3568627450980392,0.21568627450980393,5647.010770818273,206493
0.21176470588235294,0.32941176470588235,0.2235294117647059,84.00016021759075,157307
0.24705882352941178,0.33725490196078434,0.2196078431372549,550.0010490437489,477918
0.21176470588235294,0.3607843137254902,0.2196078431372549,4.000007629409083,133970
0.23921568627450981,0.3568627450980392,0.2196078431372549,1427.0027217916904,58893
0.40784313725490196,0.4117647058823529,0.5098039215686274,350.0006675732948,963287
0.47843137254901963,0.43529411764705883,0.5019607843137255,169.00032234253376,973491
0.4,0.47058823529411764,0.5215686274509804,2106.0040168838823,341565
0.44313725490196076,0.4588235294117647,0.5411764705882353,1651.003149038599,1003174
0.3764705882352941,0.43137254901960786,0.5686274509803921,9.000017166170437,838176
0.39215686274509803,0.49411764705882355,0.5607843137254902,565.001077654033,998395
0.4980392156862745,0.49019607843137253,0.5607843137254902,541.0010318775785,1026718
0.29411764705882354,0.42745098039215684,0.5137254901960784,1192.0022735639068,291245
0.3411764705882353,0.43529411764705883,0.5058823529411764,619.0011806510556,361985
0.2980392156862745,0.4392156862745098,0.5450980392156862,316.00060272331757,546443
0.3411764705882353,0.45098039215686275,0.5254901960784314,2254.0042991720184,516669
0.28627450980392155,0.43529411764705883,0.5647058823529412,35.00006675732948,974814
0.37254901960784315,0.43529411764705883,0.6039215686274509,16.000030517636333,971727
0.25098039215686274,0.4588235294117647,0.5843137254901961,100.00019073522708,926697
0.3686274509803922,0.48627450980392156,0.5647058823529412,796.0015182524075,255453
0.2627450980392157,0.13333333333333333,0.058823529411764705,997.001901630214,856881
0.33725490196078434,0.1607843137254902,0.03137254901960784,557.0010623952148,791315
0.35294117647058826,0.18823529411764706,0.03137254901960784,3.0000057220568124,735966
0.27450980392156865,0.1450980392156863,0.07450980392156863,2181.0041599353026,880455
0.3333333333333333,0.1843137254901961,0.11372549019607843,747.0014247921463,886403
0.30196078431372547,0.21176470588235294,0.12156862745098039,153.00029182489743,763555
0.3607843137254902,0.19215686274509805,0.10980392156862745,469.000894548215,888647
0.6509803921568628,0.6588235294117647,0.5333333333333333,634.0012092613397,183571
0.7333333333333333,0.6274509803921569,0.5058823529411764,853.001626971487,148725
0.6784313725490196,0.7019607843137254,0.5529411764705883,11.000020980874979,885634
0.6901960784313725,0.7098039215686275,0.5294117647058824,19.000036239693145,890768
0.6274509803921569,0.6313725490196078,0.6,1562.002979284247,333060
0.7137254901960784,0.6823529411764706,0.6078431372549019,1374.00262070202,334324
0.6784313725490196,0.7333333333333333,0.6078431372549019,125.00023841903385,612611
0.7019607843137254,0.6901960784313725,0.592156862745098,310.00059127920395,214399
0.13725490196078433,0.2627450980392157,0.3843137254901961,450.00085830852186,472664
0.22745098039215686,0.30196078431372547,0.3764705882352941,1570.0029945430651,156113
0.17254901960784313,0.3137254901960784,0.42745098039215684,15.000028610284062,440897
0.20784313725490197,0.3215686274509804,0.396078431372549,1552.0029602107243,509519
0.1843137254901961,0.30196078431372547,0.44313725490196076,58.000110626431706,560792
0.20784313725490197,0.2823529411764706,0.4745098039215686,79.00015068082939,976862
0.1843137254901961,0.3137254901960784,0.44313725490196076,15.000028610284062,561816
0.23921568627450981,0.33725490196078434,0.4627450980392157,1108.002113346316,267784
0.3215686274509804,0.396078431372549,0.21176470588235294,5091.009710330411,586544
0.34901960784313724,0.403921568627451,0.21176470588235294,1021.0019474066685,231478
0.32941176470588235,0.40784313725490196,0.19607843137254902,944.0018005405436,539444
0.3607843137254902,0.4117647058823529,0.21176470588235294,1483.0028286034176,244822
0.3215686274509804,0.3803921568627451,0.23529411764705882,3924.0074844503106,560250
0.3607843137254902,0.403921568627451,0.23529411764705882,1584.003021245997,558308
0.32941176470588235,0.43137254901960786,0.2235294117647059,2075.003957755962,278155
0.34509803921568627,0.4117647058823529,0.2235294117647059,2963.0056514847784,301088
0.2784313725490196,0.33725490196078434,0.19215686274509805,3191.006086361096,618276
0.2823529411764706,0.3411764705882353,0.20392156862745098,134.0002555852043,632597
0.25098039215686274,0.3686274509803922,0.21568627450980393,6323.012060188408,467709
0.2823529411764706,0.3686274509803922,0.19215686274509805,4250.008106247151,711408
0.27450980392156865,0.3411764705882353,0.23921568627450981,1430.0027275137472,538344
0.2823529411764706,0.33725490196078434,0.2196078431372549,74.00014114406804,637691
0.25098039215686274,0.37254901960784315,0.23137254901960785,2825.005388270165,183898
0.2901960784313726,0.3686274509803922,0.22745098039215686,795.0015163450553,117206
0.7490196078431373,0.8117647058823529,0.8274509803921568,941.0017948184868,194076
0.7803921568627451,0.8117647058823529,0.8352941176470589,12260.02338413884,764107
0.7764705882352941,0.8470588235294118,0.8274509803921568,24.0000457764545,236104
0.7843137254901961,0.8470588235294118,0.8392156862745098,82.0001564028862,104807
0.7725490196078432,0.8156862745098039,0.8431372549019608,318.0006065380221,750697
0.807843137254902,0.8392156862745098,0.8509803921568627,4961.009462374615,856679
0.7568627450980392,0.8588235294117647,0.8705882352941177,60.00011444113625,865760
0.8,0.8470588235294118,0.8509803921568627,279.00053215128355,441938
0.7098039215686275,0.7490196078431373,0.7764705882352941,472.0009002702718,967539
0.7372549019607844,0.7647058823529411,0.7764705882352941,2536.0048370453587,999340
0.6980392156862745,0.792156862745098,0.7764705882352941,10.000019073522708,899613
0.7333333333333333,0.7843137254901961,0.7647058823529411,66.00012588524987,302463
0.7098039215686275,0.7529411764705882,0.796078431372549,4552.008682267537,727154
0.7254901960784313,0.7647058823529411,0.803921568627451,10296.01963809898,760908
0.7137254901960784,0.7843137254901961,0.807843137254902,48.000091552909,484991
0.7450980392156863,0.7803921568627451,0.803921568627451,718.0013694789304,895556
0.13725490196078433,0.1411764705882353,0.1450980392156863,4742.009044664468,540118
0.16470588235294117,0.1450980392156863,0.12941176470588237,4689.008943574798,551340
0.15294117647058825,0.1568627450980392,0.15294117647058825,43.000082016147644,235886
0.1843137254901961,0.1568627450980392,0.12941176470588237,1225.0023365065317,535829
0.1411764705882353,0.15294117647058825,0.1568627450980392,2468.0047073454043,531975
0.1568627450980392,0.15294117647058825,0.1607843137254902,411.0007839217833,364979
0.15294117647058825,0.1568627450980392,0.1607843137254902,1137.002168659532,687857
0.16470588235294117,0.1607843137254902,0.16862745098039217,3074.0058632008804,545300
0.6470588235294118,0.5686274509803921,0.4392156862745098,3275.006246578687,21791
0.6549019607843137,0.5882352941176471,0.4549019607843137,3389.0064640168457,131302
0.6431372549019608,0.592156862745098,0.4549019607843137,796.0015182524075,132355
0.6549019607843137,0.592156862745098,0.45098039215686275,1653.0031528533036,129180
0.6274509803921569,0.5803921568627451,0.47058823529411764,306.00058364979486,635154
0.6666666666666666,0.5843137254901961,0.4745098039215686,2078.0039634780187,82085
0.6352941176470588,0.596078431372549,0.4823529411764706,230.00043869102228,478907
0.6784313725490196,0.615686274509804,0.48627450980392156,5362.010227222876,132298
0.7803921568627451,0.6509803921568628,0.6274509803921569,627.0011959098738,1021987
0.8235294117647058,0.6745098039215687,0.6352941176470588,36.00006866468175,963712
0.7725490196078432,0.6980392156862745,0.6784313725490196,807.0015392332825,1048086
0.8196078431372549,0.6901960784313725,0.6549019607843137,166.00031662047695,1045611
0.7529411764705882,0.6784313725490196,0.6980392156862745,41.0000782014431,926962
0.803921568627451,0.7450980392156863,0.7254901960784313,2289.004365929348,942370
0.8392156862745098,0.7294117647058823,0.7058823529411765,117.00022316021568,916600
0.0196078431372549,0.03137254901960784,0.12941176470588237,4.000007629409083,862654
0.08235294117647059,0.058823529411764705,0.13333333333333333,6.000011444113625,867765
0.0392156862745098,0.0784313725490196,0.13333333333333333,98.00018692052254,204284
0.0,0.058823529411764705,0.23921568627450981,25.00004768380677,977891
0.03137254901960784,0.11764705882352941,0.19215686274509805,12.00002288822725,304508
0.07450980392156863,0.10980392156862745,0.19215686274509805,35.00006675732948,367128
0.7019607843137254,0.6980392156862745,0.7490196078431373,1520.0028991754516,837743
0.7176470588235294,0.7137254901960784,0.7490196078431373,320.00061035272665,994781
0.6980392156862745,0.7215686274509804,0.7725490196078432,6253.011926673749,874642
0.7372549019607844,0.7411764705882353,0.7764705882352941,4386.00836564706,1034747
0.6862745098039216,0.7019607843137254,0.788235294117647,3.0000057220568124,853107
0.6862745098039216,0.7333333333333333,0.7803921568627451,1658.003162390065,601100
0.7450980392156863,0.7294117647058823,0.7843137254901961,1151.0021953624637,846945
0.27450980392156865,0.3764705882352941,0.19215686274509805,1964.0037460398598,492314
0.2980392156862745,0.3803921568627451,0.21176470588235294,3937.00750924589,338605
0.2784313725490196,0.40784313725490196,0.19215686274509805,54.00010299702262,381756
0.3058823529411765,0.4117647058823529,0.21568627450980393,760.0014495877258,269956
0.2549019607843137,0.3764705882352941,0.2235294117647059,2928.005584727449,197215
0.30980392156862746,0.38823529411764707,0.2196078431372549,3218.0061378596074,598260
0.27450980392156865,0.40784313725490196,0.23529411764705882,13.00002479557952,176667
0.2901960784313726,0.40784313725490196,0.23137254901960785,1534.0029258783834,224871
0.403921568627451,0.5294117647058824,0.43529411764705883,76.00014495877258,132582
0.4980392156862745,0.5411764705882353,0.396078431372549,2813.0053653819377,365683
0.43529411764705883,0.5607843137254902,0.39215686274509803,1.0000019073522708,709339
0.4745098039215686,0.5607843137254902,0.41568627450980394,25.00004768380677,474828
0.38823529411764707,0.5058823529411764,0.48627450980392156,68.00012969995441,409191
0.49019607843137253,0.5098039215686274,0.49411764705882355,523.0009975452376,135500
0.43137254901960786,0.5607843137254902,0.47058823529411764,2.0000038147045416,183839
0.48627450980392156,0.5764705882352941,0.4823529411764706,41.0000782014431,184867
0.396078431372549,0.1843137254901961,0.1607843137254902,38.00007247938629,1000567
0.39215686274509803,0.2196078431372549,0.17254901960784313,1033.0019702948957,886849
0.4549019607843137,0.2,0.15294117647058825,160.00030517636333,975025
0.3843137254901961,0.1843137254901961,0.18823529411764706,3.0000057220568124,934109
0.39215686274509803,0.24705882352941178,0.2235294117647059,1854.00353623111,973386
0.45098039215686275,0.24705882352941178,0.20784313725490197,231.00044059837455,960593
0.37254901960784315,0.23921568627450981,0.28627450980392155,615.0011730216465,929565
0.38823529411764707,0.23529411764705882,0.2627450980392157,172.00032806459058,967902
0.20784313725490197,0.1411764705882353,0.12549019607843137,980.0018692052254,157987
0.2235294117647059,0.13725490196078433,0.12549019607843137,272.00051879981766,926393
0.21176470588235294,0.17647058823529413,0.1450980392156863,5036.009605426036,585167
0.24705882352941178,0.1803921568627451,0.1411764705882353,3006.005733500926,567576
0.19215686274509805,0.1450980392156863,0.1607843137254902,51.00009727496581,166159
0.24705882352941178,0.13333333333333333,0.1607843137254902,40.00007629409083,924858
0.20784313725490197,0.17254901960784313,0.1568627450980392,2042.003894813337,658945
0.2235294117647059,0.1803921568627451,0.17647058823529413,636.0012130760442,474489
0.1450980392156863,0.08235294117647059,0.06666666666666667,745.0014209774417,915123
0.1607843137254902,0.09019607843137255,0.07058823529411765,250.0004768380677,913062
0.12941176470588237,0.10196078431372549,0.09019607843137255,1729.0032978120762,569734
0.1607843137254902,0.11764705882352941,0.09019607843137255,1023.001951221373,614728
0.15294117647058825,0.09019607843137255,0.10980392156862745,54.00010299702262,813444
0.17254901960784313,0.09019607843137255,0.09411764705882353,11.000020980874979,926498
0.12941176470588237,0.10980392156862745,0.10588235294117647,7235.013799693679,575930
0.16470588235294117,0.11372549019607843,0.11764705882352941,661.001260759851,893420
0.09019607843137255,0.18823529411764706,0.13725490196078433,1.0000019073522708,103082
0.10196078431372549,0.19215686274509805,0.14901960784313725,5711.0108928888185,106174
0.12156862745098039,0.2235294117647059,0.14901960784313725,1948.0037155222235,28303
0.07058823529411765,0.18823529411764706,0.1843137254901961,3.0000057220568124,124374
0.12156862745098039,0.21568627450980393,0.1568627450980392,602.001148226067,121567
0.11764705882352941,0.23529411764705882,0.16470588235294117,2316.004417427859,48881
0.4235294117647059,0.5450980392156862,0.6274509803921569,183.00034904546555,542356
0.4980392156862745,0.5333333333333333,0.6313725490196078,468.00089264086273,149791
0.43137254901960786,0.5647058823529412,0.6235294117647059,166.00031662047695,508495
0.4980392156862745,0.6078431372549019,0.6549019607843137,1663.0031719268263,568993
0.4745098039215686,0.5568627450980392,0.6862745098039216,3.0000057220568124,853340
0.4117647058823529,0.5725490196078431,0.6901960784313725,55.00010490437489,152856
0.47843137254901963,0.615686274509804,0.6862745098039216,47.00008964555673,493171
0.4,0.4588235294117647,0.26666666666666666,2433.004640588075,33176
0.4117647058823529,0.4588235294117647,0.27058823529411763,1008.001922611089,45472
0.403921568627451,0.47058823529411764,0.2784313725490196,119.00022697492022,308304
0.43529411764705883,0.48627450980392156,0.2549019607843137,689.0013141657146,237697
0.403921568627451,0.4470588235294118,0.30980392156862746,2000.0038147045416,494607
0.4117647058823529,0.4392156862745098,0.29411764705882354,2420.0046157924953,505962
0.403921568627451,0.47843137254901963,0.2823529411764706,85.00016212494302,304240
0.4196078431372549,0.47058823529411764,0.2980392156862745,1551.002958303372,97703
0.6078431372549019,0.7490196078431373,0.6901960784313725,1.0000019073522708,828702
0.7294117647058823,0.7490196078431373,0.7372549019607844,629.0011997245783,466595
0.6470588235294118,0.6980392156862745,0.6901960784313725,571.0010890981466,213510
0.6666666666666666,0.6901960784313725,0.7098039215686275,663.0012645745555,972740
0.6313725490196078,0.7294117647058823,0.7019607843137254,20.000038147045416,822553
0.6627450980392157,0.7294117647058823,0.6941176470588235,117.00022316021568,249436
0.6313725490196078,0.7058823529411765,0.7294117647058823,3501.0066776403,945039
0.6823529411764706,0.6901960784313725,0.7333333333333333,4333.008264557389,983499
0.6274509803921569,0.7333333333333333,0.7215686274509804,85.00016212494302,834864
0.6823529411764706,0.7176470588235294,0.7450980392156863,537.0010242481694,1037123
0.788235294117647,0.8823529411764706,0.8862745098039215,74.00014114406804,828711
0.8705882352941177,0.8901960784313725,0.9019607843137255,2349.004480370484,748882
0.8588235294117647,0.9411764705882353,0.9176470588235294,7.0000133514658955,842114
0.8470588235294118,0.9215686274509803,0.9450980392156862,4.000007629409083,145678
0.8705882352941177,0.9411764705882353,0.9372549019607843,15.000028610284062,102796
0.7098039215686275,0.7647058823529411,0.8156862745098039,352.0006713879993,607389
0.7372549019607844,0.7764705882352941,0.8117647058823529,2847.005430231915,774201
0.6980392156862745,0.7803921568627451,0.8196078431372549,64.00012207054533,911288
0.7450980392156863,0.7843137254901961,0.8196078431372549,6085.011606238568,662553
0.7058823529411765,0.7686274509803922,0.8470588235294118,3.0000057220568124,859455
0.7019607843137254,0.7843137254901961,0.8431372549019608,26.00004959115904,153897
0.7411764705882353,0.8,0.8470588235294118,58.000110626431706,603278
0.5254901960784314,0.28627450980392155,0.13725490196078433,268.0005111704086,879449
0.5725490196078431,0.30980392156862746,0.15294117647058825,52.00009918231808,821915
0.5098039215686274,0.3137254901960784,0.15294117647058825,117.00022316021568,834370
0.6196078431372549,0.34509803921568627,0.1450980392156863,208.00039672927232,859775
0.5176470588235295,0.28627450980392155,0.21176470588235294,706.0013465907032,1045544
0.5647058823529412,0.30196078431372547,0.21568627450980393,18.000034332340874,1019113
0.5137254901960784,0.3333333333333333,0.2235294117647059,588.0011215231352,882307
0.5607843137254902,0.3176470588235294,0.23529411764705882,331.00063133360163,950395
0.06666666666666667,0.027450980392156862,0.0196078431372549,38.00007247938629,607976
0.09411764705882353,0.023529411764705882,0.027450980392156862,4.000007629409083,828674
0.07450980392156863,0.03529411764705882,0.023529411764705882,4044.007713332583,861976
0.09803921568627451,0.047058823529411764,0.027450980392156862,693.0013217951237,811678
0.07058823529411765,0.027450980392156862,0.03529411764705882,4.000007629409083,616152
0.10980392156862745,0.011764705882352941,0.047058823529411764,3.0000057220568124,832768
0.06274509803921569,0.054901960784313725,0.050980392156862744,2513.0047931762565,529698
0.09803921568627451,0.047058823529411764,0.0392156862745098,1734.0033073488376,825606
0.7568627450980392,0.7568627450980392,0.7764705882352941,1232.0023498579976,789564
0.7803921568627451,0.7568627450980392,0.7764705882352941,539.001028062874,936316
0.7490196078431373,0.7803921568627451,0.7764705882352941,255.00048637482905,482956
0.803921568627451,0.796078431372549,0.7764705882352941,283.00053978069263,878697
0.7529411764705882,0.7568627450980392,0.788235294117647,2715.005178461415,884569
0.7803921568627451,0.7686274509803922,0.792156862745098,376.0007171644538,916712
0.7568627450980392,0.792156862745098,0.807843137254902,2437.004648217484,927621
0.7843137254901961,0.7803921568627451,0.807843137254902,1132.0021591227705,904495
0.6509803921568628,0.6431372549019608,0.6941176470588235,1152.002197269816,782362
0.6784313725490196,0.6509803921568628,0.6862745098039216,563.0010738393285,823354
0.6431372549019608,0.6666666666666666,0.7058823529411765,1864.0035553046328,913722
0.6705882352941176,0.6549019607843137,0.7058823529411765,1821.003473288485,862377
0.6235294117647059,0.6431372549019608,0.7176470588235294,6.000011444113625,958794
0.6588235294117647,0.6509803921568628,0.7372549019607844,1.0000019073522708,815656
0.6274509803921569,0.6784313725490196,0.7176470588235294,1772.0033798282238,1032141
0.6784313725490196,0.6823529411764706,0.7411764705882353,1694.0032310547467,837687
0.6509803921568628,0.41568627450980394,0.2549019607843137,158.00030136165879,878427
0.6705882352941176,0.4470588235294118,0.2549019607843137,145.00027656607926,849519
0.7098039215686275,0.49411764705882355,0.2784313725490196,69.00013160730668,830046
0.6313725490196078,0.4,0.3176470588235294,1040.0019836463616,1039630
0.6666666666666666,0.4549019607843137,0.3568627450980392,719.0013713862827,907278
0.7019607843137254,0.4980392156862745,0.34901960784313724,18.000034332340874,890710
0.25098039215686274,0.19215686274509805,0.14901960784313725,1621.003091818031,760296
0.28627450980392155,0.21176470588235294,0.15294117647058825,582.0011100790216,702886
0.26666666666666666,0.23529411764705882,0.14901960784313725,5.000009536761354,662225
0.30196078431372547,0.2196078431372549,0.15294117647058825,16.000030517636333,772577
0.27058823529411763,0.21176470588235294,0.1843137254901961,2568.0048980806314,639462
0.2901960784313726,0.21568627450980393,0.16470588235294117,1198.0022850080204,620897
0.27450980392156865,0.22745098039215686,0.16862745098039217,612.0011672995897,701049
0.2823529411764706,0.2235294117647059,0.17647058823529413,1867.0035610266896,501012
0.6862745098039216,0.7137254901960784,0.6862745098039216,586.0011177084307,622272
0.7176470588235294,0.7019607843137254,0.7098039215686275,858.0016365082483,871525
0.6941176470588235,0.7215686274509804,0.6941176470588235,363.0006923688743,471721
0.7372549019607844,0.7176470588235294,0.6980392156862745,401.0007648482606,270928
0.7058823529411765,0.6941176470588235,0.7333333333333333,2710.005168924654,1008090
0.7294117647058823,0.6941176470588235,0.7215686274509804,1582.0030174312924,1035818
0.6901960784313725,0.7254901960784313,0.7450980392156863,1095.0020885507365,994168
0.7176470588235294,0.7372549019607844,0.7294117647058823,685.0013065363055,246036
0.9098039215686274,0.9137254901960784,0.9098039215686274,1770.0033760135193,794999
0.9529411764705882,0.9098039215686274,0.8745098039215686,1.0000019073522708,1006716
0.8941176470588236,0.9450980392156862,0.9333333333333333,122.00023269697704,814470
0.9607843137254902,0.9529411764705882,0.8980392156862745,20.000038147045416,196894
0.9058823529411765,0.9254901960784314,0.9450980392156862,8.000015258818166,829988
0.8823529411764706,0.9372549019607843,0.9411764705882353,44.000083923499915,880174
0.9647058823529412,0.9686274509803922,0.9490196078431372,9.000017166170437,304369
0.5686274509803921,0.5843137254901961,0.4627450980392157,1696.0032348694513,377011
0.6196078431372549,0.5725490196078431,0.4392156862745098,175.0003337866474,119096
0.5843137254901961,0.6039215686274509,0.4549019607843137,1933.0036869119394,240885
0.6078431372549019,0.615686274509804,0.4627450980392157,790.0015068082939,217347
0.5725490196078431,0.5882352941176471,0.4745098039215686,209.0003986366246,377028
0.615686274509804,0.5803921568627451,0.47843137254901963,187.00035667487464,709235
0.5764705882352941,0.6039215686274509,0.4823529411764706,2086.003978736837,342215
0.611764705882353,0.6039215686274509,0.4745098039215686,781.0014896421235,463069
0.5882352941176471,0.6470588235294118,0.7058823529411765,1877.0035801002123,941033
0.6,0.6509803921568628,0.6901960784313725,1150.0021934551114,1041394
0.5686274509803921,0.6549019607843137,0.6980392156862745,497.0009479540786,271932
0.6078431372549019,0.6705882352941176,0.7137254901960784,2666.005085001154,283076
0.5607843137254902,0.6470588235294118,0.7215686274509804,39.00007438673856,866705
0.615686274509804,0.6509803921568628,0.7450980392156863,33.000062942624936,859676
0.5725490196078431,0.6705882352941176,0.7254901960784313,125.00023841903385,550556
0.6,0.6549019607843137,0.7176470588235294,1461.0027866416676,986883
0.44313725490196076,0.4666666666666667,0.32941176470588235,358.00068283211294,488533
0.48627450980392156,0.44313725490196076,0.3411764705882353,94.00017929111345,679535
0.44313725490196076,0.48627450980392156,0.33725490196078434,2820.0053787334036,409634
0.47843137254901963,0.4980392156862745,0.3137254901960784,894.0017051729301,88463
0.4588235294117647,0.4392156862745098,0.37254901960784315,83.00015831023848,459018
0.4980392156862745,0.4627450980392157,0.35294117647058826,185.0003528601701,672364
0.4549019607843137,0.4980392156862745,0.34901960784313724,2752.005249033449,393261
0.4745098039215686,0.4980392156862745,0.34509803921568627,639.001218798101,476314
0.8117647058823529,0.8196078431372549,0.8156862745098039,1314.0025062608838,962446
0.8431372549019608,0.8274509803921568,0.8235294117647058,216.0004119880905,823442
0.8313725490196079,0.8470588235294118,0.8352941176470589,202.0003852851587,266832
0.8705882352941177,0.8627450980392157,0.8235294117647058,169.00032234253376,385246
0.8196078431372549,0.8352941176470589,0.8470588235294118,2085.0039768294846,816400
0.8431372549019608,0.8352941176470589,0.8588235294117647,67.00012779260214,919861
0.8196078431372549,0.8431372549019608,0.8627450980392157,2500.004768380677,815509
0.8627450980392157,0.8588235294117647,0.8549019607843137,930.0017738376118,882842
0.7803921568627451,0.807843137254902,0.8823529411764706,1.0000019073522708,827940
0.7764705882352941,0.8509803921568627,0.8941176470588236,107.00020408669297,874028
0.8352941176470589,0.8666666666666667,0.8823529411764706,1762.0033607547011,861605
0.20392156862745098,0.2,0.20784313725490197,1981.0037784648484,532939
0.23529411764705882,0.21176470588235294,0.21568627450980393,1072.0020446816343,127331
0.21568627450980393,0.2196078431372549,0.21176470588235294,99.00018882787481,447942
0.23137254901960785,0.2235294117647059,0.21568627450980393,660.0012588524987,374061
0.2,0.21176470588235294,0.23921568627450981,1219.002325062418,171396
0.24705882352941178,0.21568627450980393,0.2196078431372549,182.00034713811328,379203
0.19215686274509805,0.2196078431372549,0.23137254901960785,773.0014743833053,255347
0.23921568627450981,0.23921568627450981,0.2196078431372549,1317.0025119829406,460244
0.1411764705882353,0.13333333333333333,0.08627450980392157,2.0000038147045416,679649
0.1568627450980392,0.12941176470588237,0.09019607843137255,102.00019454993162,562890
0.15294117647058825,0.12549019607843137,0.10196078431372549,2053.003915794212,633261
0.1568627450980392,0.12941176470588237,0.10980392156862745,5076.0096817201265,622063
0.14901960784313725,0.16862745098039217,0.10980392156862745,1.0000019073522708,677596
0.1803921568627451,0.1568627450980392,0.12156862745098039,11.000020980874979,741922
0.803921568627451,0.7647058823529411,0.6627450980392157,154.0002937322497,594665
0.8470588235294118,0.7607843137254902,0.6705882352941176,27.00005149851131,858755
0.8431372549019608,0.8235294117647058,0.6784313725490196,1.0000019073522708,229737
0.7568627450980392,0.7568627450980392,0.7372549019607844,1189.00226784185,269907
0.8196078431372549,0.7568627450980392,0.7450980392156863,343.0006542218289,891195
0.8,0.8235294117647058,0.7333333333333333,13.00002479557952,706256
0.8313725490196079,0.8117647058823529,0.7176470588235294,37.00007057203402,233882
0.5098039215686274,0.5215686274509804,0.3803921568627451,538.0010261555217,445583
0.5529411764705883,0.5058823529411764,0.396078431372549,99.00018882787481,429299
0.5019607843137255,0.5450980392156862,0.396078431372549,2898.0055275068808,374896
0.5333333333333333,0.5450980392156862,0.396078431372549,912.001739505271,432336
0.5254901960784314,0.5058823529411764,0.40784313725490196,76.00014495877258,346775
0.5450980392156862,0.5215686274509804,0.43137254901960786,174.00033187929512,557773
0.5176470588235295,0.5450980392156862,0.40784313725490196,1063.0020275154639,426095
0.5333333333333333,0.5568627450980392,0.4235294117647059,859.0016384156006,401553
0.3137254901960784,0.4,0.15294117647058825,128.00024414109066,501600
0.36470588235294116,0.4,0.1411764705882353,2.0000038147045416,872293
0.3176470588235294,0.4117647058823529,0.15294117647058825,498.00094986143085,464796
0.3176470588235294,0.396078431372549,0.1803921568627451,1506.0028724725198,579432
0.3568627450980392,0.38823529411764707,0.17254901960784313,14.000026702931791,794401
0.3137254901960784,0.42745098039215684,0.16862745098039217,4305.008211151526,461644
0.34509803921568627,0.4235294117647059,0.1843137254901961,132.00025177049974,537430
0.4392156862745098,0.5019607843137255,0.32941176470588235,760.0014495877258,326762
0.4980392156862745,0.5058823529411764,0.33725490196078434,625.0011920951692,473291
0.4666666666666667,0.5294117647058824,0.3411764705882353,31.000059127920395,306319
0.47058823529411764,0.5333333333333333,0.3411764705882353,414.0007896438401,302230
0.4627450980392157,0.5019607843137255,0.3568627450980392,1470.002803807838,484399
0.47843137254901963,0.5098039215686274,0.37254901960784315,2610.0049781894268,462928
0.4666666666666667,0.5294117647058824,0.34509803921568627,44.000083923499915,311435
0.4745098039215686,0.5333333333333333,0.35294117647058826,604.0011520407716,312463
0.3215686274509804,0.26666666666666666,0.21176470588235294,1559.0029735621902,720424
0.35294117647058826,0.2627450980392157,0.20784313725490197,1654.003154760656,783803
0.3411764705882353,0.28627450980392155,0.2,163.00031089842014,184600
0.3568627450980392,0.30196078431372547,0.20392156862745098,468.00089264086273,8228
0.3137254901960784,0.25882352941176473,0.22745098039215686,638.0012168907488,641546
0.35294117647058826,0.2784313725490196,0.22745098039215686,487.0009288805559,641480
0.3333333333333333,0.2980392156862745,0.23921568627450981,503.0009593981922,596483
0.34901960784313724,0.30980392156862746,0.23529411764705882,1072.0020446816343,666216
0.6274509803921569,0.5411764705882353,0.6549019607843137,2.0000038147045416,902983
0.6666666666666666,0.611764705882353,0.6313725490196078,1503.002866750463,977393
0.6862745098039216,0.611764705882353,0.6235294117647059,107.00020408669297,994861
0.6470588235294118,0.6196078431372549,0.6862745098039216,5.000009536761354,842152
0.6980392156862745,0.6078431372549019,0.6980392156862745,1.0000019073522708,901962
0.5529411764705883,0.6431372549019608,0.5529411764705883,18.000034332340874,291452
0.5647058823529412,0.6274509803921569,0.5294117647058824,524.0009994525899,591001
0.5843137254901961,0.6941176470588235,0.5450980392156862,4.000007629409083,678617
0.5333333333333333,0.6392156862745098,0.596078431372549,59.00011253378398,679678
0.5803921568627451,0.6392156862745098,0.596078431372549,954.0018196140663,581757
0.5607843137254902,0.6862745098039216,0.5647058823529412,13.00002479557952,708315
0.6470588235294118,0.7058823529411765,0.7568627450980392,739.0014095333281,576594
0.6627450980392157,0.7098039215686275,0.7568627450980392,1614.003078466565,598029
0.6509803921568628,0.7254901960784313,0.7647058823529411,236.0004501351359,601236
0.6549019607843137,0.7215686274509804,0.7764705882352941,2867.0054683789604,550920
0.6274509803921569,0.7098039215686275,0.7803921568627451,19.000036239693145,905032
0.6627450980392157,0.7098039215686275,0.803921568627451,8.000015258818166,859473
0.6235294117647059,0.7294117647058823,0.7803921568627451,48.000091552909,904018
0.6823529411764706,0.7450980392156863,0.788235294117647,694.0013237024759,611503
0.40784313725490196,0.1843137254901961,0.050980392156862744,166.00031662047695,832119
0.42745098039215684,0.19607843137254902,0.03137254901960784,226.0004310616132,813860
0.4627450980392157,0.21568627450980393,0.011764705882352941,282.00053787334036,795408
0.3843137254901961,0.1803921568627451,0.07058823529411765,46.000087738204456,811649
0.40784313725490196,0.20784313725490197,0.11764705882352941,586.0011177084307,800383
0.44313725490196076,0.21176470588235294,0.06274509803921569,250.0004768380677,843579
0.5803921568627451,0.5254901960784314,0.3333333333333333,867.0016536744188,132154
0.596078431372549,0.5215686274509804,0.3411764705882353,32.000061035272665,3388
0.5607843137254902,0.5411764705882353,0.3137254901960784,1370.002613072611,175196
0.596078431372549,0.5490196078431373,0.3333333333333333,227.00043296896547,156778
0.5843137254901961,0.5098039215686274,0.34509803921568627,270.0005149851131,109636
0.596078431372549,0.5058823529411764,0.3607843137254902,684.0013046289532,94298
0.5803921568627451,0.5568627450980392,0.3607843137254902,729.0013904598054,87402
0.6,0.5568627450980392,0.3686274509803922,1884.0035934516782,19800
0.6274509803921569,0.5764705882352941,0.38823529411764707,897.0017108949869,162973
0.6666666666666666,0.5647058823529412,0.4,13.00002479557952,660809
0.6313725490196078,0.596078431372549,0.39215686274509803,346.0006599438857,182476
0.6784313725490196,0.592156862745098,0.4,3.0000057220568124,893703
0.6274509803921569,0.5725490196078431,0.41568627450980394,3445.006570828573,23880
0.6745098039215687,0.5647058823529412,0.4196078431372549,102.00019454993162,695619
0.6431372549019608,0.6039215686274509,0.42745098039215684,1179.0022487683273,171231
0.6784313725490196,0.6196078431372549,0.43529411764705883,19.000036239693145,230762
0.21568627450980393,0.25098039215686274,0.0784313725490196,1.0000019073522708,927733
0.2235294117647059,0.25098039215686274,0.08235294117647059,7.0000133514658955,930814
0.2,0.30980392156862746,0.0784313725490196,4.000007629409083,464878
0.19607843137254902,0.27450980392156865,0.11764705882352941,830.0015831023848,692188
0.23137254901960785,0.27058823529411763,0.10196078431372549,22.000041961749957,930815
0.21176470588235294,0.29411764705882354,0.11764705882352941,2954.005634318608,864213
0.2235294117647059,0.30196078431372547,0.12156862745098039,2022.0038566662915,877523
0.2823529411764706,0.2980392156862745,0.09803921568627451,109.00020790139752,896935
0.3137254901960784,0.3058823529411765,0.09019607843137255,3.0000057220568124,931838
0.2549019607843137,0.36470588235294116,0.11764705882352941,1257.0023975418044,462812
0.3176470588235294,0.3333333333333333,0.10588235294117647,74.00014114406804,887694
0.796078431372549,0.5490196078431373,0.25098039215686274,129.00024604844293,836253
0.8392156862745098,0.6235294117647059,0.36470588235294116,1.0000019073522708,841376
0.7490196078431373,0.5803921568627451,0.403921568627451,151.0002880101929,854644
0.7725490196078432,0.6352941176470588,0.4549019607843137,74.00014114406804,803427
0.5843137254901961,0.5098039215686274,0.403921568627451,196.00037384104508,429290
0.615686274509804,0.5215686274509804,0.3843137254901961,1543.0029430445538,710319
0.5725490196078431,0.5294117647058824,0.4,50.00009536761354,680633
0.615686274509804,0.5529411764705883,0.3843137254901961,1990.0037956310189,119897
0.5803921568627451,0.5215686274509804,0.43137254901960786,241.00045967189726,532716
0.611764705882353,0.5254901960784314,0.42745098039215684,771.0014705686008,698043
0.5725490196078431,0.5372549019607843,0.43137254901960786,159.00030326901106,530665
0.611764705882353,0.5372549019607843,0.4235294117647059,667.0012722039646,8396
0.7529411764705882,0.7843137254901961,0.8156862745098039,6178.011783622329,816411
0.7764705882352941,0.7843137254901961,0.8156862745098039,869.0016574891233,870045
0.7529411764705882,0.796078431372549,0.8235294117647058,1397.0026645711223,772224
0.7647058823529411,0.8,0.8235294117647058,5120.009765643626,670924
0.7490196078431373,0.792156862745098,0.8274509803921568,503.0009593981922,704536
0.7686274509803922,0.7803921568627451,0.8274509803921568,102.00019454993162,896202
0.7529411764705882,0.796078431372549,0.8313725490196079,2137.0040760118027,725027
0.7725490196078432,0.803921568627451,0.8274509803921568,5726.010921499103,688247
0.4627450980392157,0.4666666666666667,0.2549019607843137,488.00093078790815,190531
0.47058823529411764,0.4666666666666667,0.25882352941176473,317.00060463066984,179243
0.45098039215686275,0.4980392156862745,0.27058823529411763,1042.0019874610662,255128
0.49019607843137253,0.4745098039215686,0.25882352941176473,1366.002605443202,178237
0.44313725490196076,0.4627450980392157,0.3058823529411765,765.0014591244872,489638
0.49411764705882355,0.4392156862745098,0.30980392156862746,10.000019073522708,579292
0.4470588235294118,0.4823529411764706,0.29411764705882354,1118.0021324198387,368304
0.47058823529411764,0.49019607843137253,0.2823529411764706,320.00061035272665,39304
0.3803921568627451,0.3058823529411765,0.38823529411764707,20.000038147045416,935687
0.42745098039215684,0.34509803921568627,0.42745098039215684,653.0012455010328,943871
0.4980392156862745,0.36470588235294116,0.3803921568627451,426.00081253206736,1007214
0.396078431372549,0.37254901960784315,0.4549019607843137,216.0004119880905,871669
0.4980392156862745,0.36470588235294116,0.4627450980392157,32.000061035272665,928568
0.6392156862745098,0.6352941176470588,0.6392156862745098,478.00091171438544,121236
0.6705882352941176,0.6235294117647059,0.6509803921568628,446.0008506791128,1022562
0.6392156862745098,0.6745098039215687,0.6431372549019608,373.000711442397,446080
0.6784313725490196,0.6627450980392157,0.6470588235294118,460.00087738204456,114032
0.6313725490196078,0.6235294117647059,0.6705882352941176,949.001810077305,794686
0.6666666666666666,0.6274509803921569,0.6745098039215687,1394.0026588490655,854116
0.6392156862745098,0.6549019607843137,0.6784313725490196,541.0010318775785,876898
0.6627450980392157,0.6823529411764706,0.6784313725490196,554.001056673158,306757
0.12941176470588237,0.14901960784313725,0.2,335.0006389630107,893486
0.1568627450980392,0.15294117647058825,0.18823529411764706,47.00008964555673,592444
0.1450980392156863,0.17254901960784313,0.19607843137254902,1624.0030975400878,301378
0.1607843137254902,0.1843137254901961,0.20784313725490197,1891.003606803144,270704
0.14901960784313725,0.15294117647058825,0.2196078431372549,25.00004768380677,829985
0.1607843137254902,0.15294117647058825,0.2196078431372549,10.000019073522708,291410
0.1450980392156863,0.1843137254901961,0.23921568627450981,759.0014476803735,525906
0.16862745098039217,0.1843137254901961,0.23529411764705882,354.00067520270386,330325
0.396078431372549,0.25882352941176473,0.19607843137254902,404.0007705703174,193848
0.43529411764705883,0.25098039215686274,0.20784313725490197,150.00028610284062,986207
0.39215686274509803,0.28627450980392155,0.20784313725490197,602.001148226067,716155
0.40784313725490196,0.3058823529411765,0.20784313725490197,232.00044250572682,744097
0.3843137254901961,0.2784313725490196,0.2196078431372549,1171.002233509509,534779
0.40784313725490196,0.2784313725490196,0.23529411764705882,430.00082016147644,908695
0.3843137254901961,0.30980392156862746,0.23921568627450981,1405.0026798299405,744026
0.43137254901960786,0.29411764705882354,0.24313725490196078,600.0011444113625,925260
0.5058823529411764,0.5647058823529412,0.4,389.00074196003334,326805
0.5529411764705883,0.5803921568627451,0.3764705882352941,754.0014381436122,250059
0.5568627450980392,0.592156862745098,0.403921568627451,4.000007629409083,259280
0.5176470588235295,0.5607843137254902,0.4235294117647059,702.0013389612941,357528
0.5568627450980392,0.5686274509803921,0.41568627450980394,3050.005817424426,429256
0.5568627450980392,0.592156862745098,0.43529411764705883,77.00014686612485,283863
0.0196078431372549,0.0196078431372549,0.023529411764705882,312.0005950939085,187793
0.050980392156862744,0.027450980392156862,0.023529411764705882,460.00087738204456,819941
0.050980392156862744,0.03529411764705882,0.027450980392156862,1292.0024642991339,841447
0.0196078431372549,0.023529411764705882,0.03529411764705882,437.00083351294234,209299
0.03529411764705882,0.027450980392156862,0.03529411764705882,78.00014877347712,891396
0.027450980392156862,0.03137254901960784,0.03529411764705882,104.00019836463616,195978
0.043137254901960784,0.03529411764705882,0.043137254901960784,2284.0043563925865,893450
0.5098039215686274,0.5843137254901961,0.6431372549019608,782.0014915494758,975771
0.5411764705882353,0.5647058823529412,0.6352941176470588,472.0009002702718,1017517
0.5098039215686274,0.6,0.6313725490196078,514.0009803790672,535200
0.5450980392156862,0.6078431372549019,0.6470588235294118,581.0011081716693,971754
0.5176470588235295,0.5843137254901961,0.6588235294117647,216.0004119880905,996071
0.5333333333333333,0.5803921568627451,0.6549019607843137,157.00029945430651,1000147
0.5137254901960784,0.596078431372549,0.6627450980392157,648.0012359642715,987062
0.5333333333333333,0.6,0.6705882352941176,1596.0030441342242,1002223
0.3215686274509804,0.21568627450980393,0.13725490196078433,616.0011749289988,767612
0.3686274509803922,0.20784313725490197,0.1450980392156863,300.00057220568124,898886
0.3411764705882353,0.2196078431372549,0.1411764705882353,99.00018882787481,721594
0.37254901960784315,0.23529411764705882,0.14901960784313725,171.0003261572383,799387
0.3176470588235294,0.19215686274509805,0.1568627450980392,1393.0026569417132,957003
0.36470588235294116,0.19215686274509805,0.1803921568627451,692.0013198877714,947340
0.3137254901960784,0.23137254901960785,0.17254901960784313,1318.002513890293,765352
0.34509803921568627,0.24705882352941178,0.1843137254901961,324.00061798213574,725392
0.44313725490196076,0.3215686274509804,0.27450980392156865,539.001028062874,926181
0.4980392156862745,0.3176470588235294,0.27058823529411763,82.0001564028862,958626
0.45098039215686275,0.3568627450980392,0.2784313725490196,1642.0031318724286,486635
0.47058823529411764,0.35294117647058826,0.25098039215686274,697.0013294245327,707931
0.4549019607843137,0.3215686274509804,0.30196078431372547,446.0008506791128,950422
0.4823529411764706,0.3176470588235294,0.30196078431372547,332.0006332409539,1047705
0.45098039215686275,0.35294117647058826,0.2823529411764706,625.0011920951692,796144
0.47843137254901963,0.3568627450980392,0.30196078431372547,450.00085830852186,906657
0.5882352941176471,0.39215686274509803,0.3411764705882353,788.0015029935894,960522
0.611764705882353,0.396078431372549,0.33725490196078434,895.0017070802824,973860
0.5882352941176471,0.40784313725490196,0.32941176470588235,36.00006866468175,850950
0.6039215686274509,0.40784313725490196,0.3411764705882353,256.0004882821813,875541
0.5882352941176471,0.39215686274509803,0.35294117647058826,923.0017604861459,973941
0.6,0.4,0.35294117647058826,438.0008354202946,875550
0.5764705882352941,0.40784313725490196,0.3686274509803922,239.00045585719272,1023048
0.596078431372549,0.40784313725490196,0.3607843137254902,1177.0022449536227,955396
0.33725490196078434,0.38823529411764707,0.25098039215686274,138.00026321461337,533555
0.35294117647058826,0.4,0.2549019607843137,1287.0024547623725,540767
0.32941176470588235,0.43137254901960786,0.2549019607843137,694.0013237024759,17830
0.3686274509803922,0.43137254901960786,0.26666666666666666,2398.0045738307454,365569
0.3411764705882353,0.3843137254901961,0.2823529411764706,18.000034332340874,562913
0.35294117647058826,0.3843137254901961,0.2901960784313726,31.000059127920395,543453
0.3411764705882353,0.42745098039215684,0.3058823529411765,26.00004959115904,519906
0.37254901960784315,0.4235294117647059,0.2823529411764706,97.00018501317027,521257
0.5607843137254902,0.5882352941176471,0.3843137254901961,444.00084686440823,244934
0.6196078431372549,0.5843137254901961,0.38823529411764707,1436.0027389578609,179430
0.5843137254901961,0.592156862745098,0.396078431372549,103.00019645728389,220376
0.6196078431372549,0.592156862745098,0.3764705882352941,290.00055313215853,187588
0.5647058823529412,0.5764705882352941,0.43529411764705883,544.0010375996353,422067
0.6196078431372549,0.5607843137254902,0.40784313725490196,288.000549317454,86338
0.5843137254901961,0.611764705882353,0.4117647058823529,569.0010852834421,909247
0.592156862745098,0.592156862745098,0.4235294117647059,893.0017032655778,196879
0.20784313725490197,0.18823529411764706,0.15294117647058825,20.000038147045416,709206
0.2235294117647059,0.2,0.1411764705882353,488.00093078790815,673386
0.20392156862745098,0.23137254901960785,0.14901960784313725,8.000015258818166,620276
0.2196078431372549,0.23137254901960785,0.15294117647058825,9.000017166170437,674518
0.2,0.2,0.1803921568627451,856.0016326935438,490931
0.24705882352941178,0.21176470588235294,0.16862745098039217,3060.0058364979486,607748
0.19215686274509805,0.23921568627450981,0.1607843137254902,15.000028610284062,463553
0.24705882352941178,0.22745098039215686,0.1803921568627451,73.00013923671577,190850
0.27450980392156865,0.21568627450980393,0.19215686274509805,323.00061607478347,532864
0.30196078431372547,0.18823529411764706,0.21176470588235294,152.00028991754516,939749
0.2784313725490196,0.22745098039215686,0.19215686274509805,1570.0029945430651,634370
0.30196078431372547,0.23921568627450981,0.19607843137254902,1507.002874379872,661977
0.25098039215686274,0.21568627450980393,0.2196078431372549,55.00010490437489,312602
0.2980392156862745,0.20784313725490197,0.24313725490196078,64.00012207054533,941801
0.2784313725490196,0.24705882352941178,0.24705882352941178,671.0012798333737,680586
0.29411764705882354,0.24705882352941178,0.2235294117647059,181.000345230761,478527
0.396078431372549,0.38823529411764707,0.26666666666666666,74.00014114406804,540907
0.4117647058823529,0.3764705882352941,0.27450980392156865,25.00004768380677,698989
0.38823529411764707,0.41568627450980394,0.25882352941176473,2539.0048427674155,534712
0.41568627450980394,0.43529411764705883,0.26666666666666666,352.0006713879993,530641
0.3764705882352941,0.3843137254901961,0.30980392156862746,44.000083923499915,613091
0.41568627450980394,0.3843137254901961,0.2823529411764706,180.00034332340874,658014
0.4,0.43529411764705883,0.2823529411764706,1174.002239231566,525432
0.43529411764705883,0.43529411764705883,0.30196078431372547,102.00019454993162,467165
0.19607843137254902,0.2627450980392157,0.2,23.000043869102228,131556
0.2235294117647059,0.2784313725490196,0.20392156862745098,28.000053405863582,495307
0.18823529411764706,0.29411764705882354,0.19215686274509805,3677.0070133342997,89647
0.24705882352941178,0.3058823529411765,0.21176470588235294,544.0010375996353,549616
0.20784313725490197,0.25882352941176473,0.24313725490196078,11.000020980874979,413953
0.24705882352941178,0.2549019607843137,0.24705882352941178,114.00021743815887,374166
0.21568627450980393,0.30196078431372547,0.2196078431372549,11.000020980874979,154100
0.23529411764705882,0.2901960784313726,0.2196078431372549,53.00010108967035,123351
0.21568627450980393,0.13725490196078433,0.08235294117647059,355.00067711005613,799411
0.23529411764705882,0.13725490196078433,0.08627450980392157,555.0010585805103,717506
0.21176470588235294,0.17647058823529413,0.08235294117647059,2.0000038147045416,834972
0.24313725490196078,0.1568627450980392,0.08627450980392157,40.00007629409083,779952
0.19607843137254902,0.14901960784313725,0.11372549019607843,1799.0034313267352,667010
0.2235294117647059,0.1411764705882353,0.11372549019607843,515.0009822864195,804216
0.20392156862745098,0.1568627450980392,0.11764705882352941,452.0008621232264,472315
0.24313725490196078,0.1568627450980392,0.09411764705882353,719.0013713862827,761556
0.16470588235294117,0.2549019607843137,0.16470588235294117,4619.008810060139,223099
0.17254901960784313,0.2549019607843137,0.1607843137254902,1181.0022525830318,253810
0.16470588235294117,0.26666666666666666,0.16862745098039217,2265.0043201528933,199541
0.17647058823529413,0.27058823529411763,0.16862745098039217,2599.004957208552,223113
0.1568627450980392,0.2549019607843137,0.1803921568627451,1386.0026435902473,109185
0.17254901960784313,0.2627450980392157,0.1803921568627451,74.00014114406804,118390
0.16862745098039217,0.2784313725490196,0.1803921568627451,3209.006120693437,107095
0.17254901960784313,0.2784313725490196,0.1803921568627451,2346.0044746484273,196434
0.5686274509803921,0.4,0.3843137254901961,628.0011978172261,1038728
0.592156862745098,0.4,0.3843137254901961,52.00009918231808,1005741
0.5607843137254902,0.4196078431372549,0.3843137254901961,1234.0023536727022,916048
0.615686274509804,0.4196078431372549,0.3764705882352941,1090.0020790139752,969780
0.5647058823529412,0.39215686274509803,0.41568627450980394,87.00016593964756,987699
0.6039215686274509,0.403921568627451,0.4196078431372549,9.000017166170437,914819
0.5647058823529412,0.41568627450980394,0.4117647058823529,934.0017814670209,1002833
0.596078431372549,0.43137254901960786,0.4196078431372549,380.0007247938629,1044841
0.20784313725490197,0.2784313725490196,0.3215686274509804,934.0017814670209,158133
0.24313725490196078,0.2784313725490196,0.3411764705882353,689.0013141657146,145866
0.20392156862745098,0.30196078431372547,0.3333333333333333,96.000183105818,225677
0.24313725490196078,0.2980392156862745,0.3411764705882353,550.0010490437489,372354
0.19215686274509805,0.27058823529411763,0.35294117647058826,547.0010433216921,275853
0.2235294117647059,0.2784313725490196,0.34509803921568627,224.00042724690866,864808
0.2,0.2980392156862745,0.3686274509803922,338.0006446850675,373248
0.23529411764705882,0.29411764705882354,0.36470588235294116,889.0016956361687,350759
0.21568627450980393,0.3215686274509804,0.09019607843137255,16.000030517636333,475120
0.23137254901960785,0.33725490196078434,0.09019607843137255,8.000015258818166,463869
0.20784313725490197,0.3137254901960784,0.10980392156862745,102.00019454993162,403430
0.23137254901960785,0.3176470588235294,0.12156862745098039,2598.0049553011995,757732
0.22745098039215686,0.35294117647058826,0.11764705882352941,1377.0026264240769,413686
0.3176470588235294,0.19215686274509805,0.2,684.0013046289532,913800
0.34509803921568627,0.20784313725490197,0.20392156862745098,350.0006675732948,967176
0.3333333333333333,0.24705882352941178,0.18823529411764706,904.0017242464528,636203
0.35294117647058826,0.23137254901960785,0.20392156862745098,1497.0028553063494,963136
0.3137254901960784,0.20392156862745098,0.23137254901960785,99.00018882787481,939747
0.3568627450980392,0.2,0.2196078431372549,57.000108719079435,922805
0.3215686274509804,0.23921568627450981,0.2196078431372549,124.00023651168158,554711
0.36470588235294116,0.23529411764705882,0.23921568627450981,377.0007190718061,958115
0.403921568627451,0.4470588235294118,0.3137254901960784,61.00011634848852,496649
0.43137254901960786,0.4666666666666667,0.3333333333333333,1673.003191000349,462861
0.38823529411764707,0.4745098039215686,0.3176470588235294,26.00004959115904,487114
0.43529411764705883,0.47058823529411764,0.3333333333333333,2210.0042152485184,430080
0.38823529411764707,0.4666666666666667,0.3686274509803922,13.00002479557952,100761
0.42745098039215684,0.4588235294117647,0.3607843137254902,28.000053405863582,431783
0.396078431372549,0.47843137254901963,0.34901960784313724,8.000015258818166,420517
0.42745098039215684,0.49411764705882355,0.34509803921568627,27.00005149851131,424614
0.5176470588235295,0.5254901960784314,0.27058823529411763,385.00073433062425,208037
0.5411764705882353,0.5137254901960784,0.2549019607843137,46.000087738204456,769801
0.5019607843137255,0.5294117647058824,0.2784313725490196,57.000108719079435,223403
0.5333333333333333,0.5411764705882353,0.25098039215686274,10.000019073522708,907196
0.5058823529411764,0.5176470588235295,0.2823529411764706,730.0013923671577,209026
0.5450980392156862,0.5176470588235295,0.30196078431372547,1454.0027732902017,24936
0.5098039215686274,0.5411764705882353,0.28627450980392155,422.0008049026583,228522
0.5450980392156862,0.5372549019607843,0.29411764705882354,841.0016040832597,194709
0.5647058823529412,0.4666666666666667,0.32941176470588235,1011.0019283331458,763495
0.615686274509804,0.4470588235294118,0.3254901960784314,38.00007247938629,802398
0.5803921568627451,0.49019607843137253,0.32941176470588235,799.0015239744644,154881
0.611764705882353,0.47058823529411764,0.32941176470588235,108.00020599404525,789143
0.5764705882352941,0.4627450980392157,0.34509803921568627,285.0005435953972,15488
0.6078431372549019,0.4470588235294118,0.3607843137254902,35.00006675732948,879290
0.5843137254901961,0.49411764705882355,0.34901960784313724,1064.0020294228161,79951
0.592156862745098,0.48627450980392156,0.3607843137254902,590.0011253378398,53353
0.6392156862745098,0.4627450980392157,0.39215686274509803,1056.002014163998,1025032
0.6588235294117647,0.4666666666666667,0.403921568627451,262.00049972629495,884769
0.6392156862745098,0.49411764705882355,0.396078431372549,47.00008964555673,902999
0.6666666666666666,0.47058823529411764,0.403921568627451,337.00064277771526,1008753
0.6313725490196078,0.4666666666666667,0.43529411764705883,881.0016803773506,1020949
0.6666666666666666,0.4470588235294118,0.4196078431372549,63.00012016319306,947668
0.6509803921568628,0.49411764705882355,0.42745098039215684,553.0010547658057,995910
0.6823529411764706,0.49019607843137253,0.41568627450980394,709.00135231276,961668
0.6392156862745098,0.5019607843137255,0.4549019607843137,159.00030326901106,1005607
0.6588235294117647,0.5137254901960784,0.4666666666666667,510.0009727496581,980093
0.6274509803921569,0.5294117647058824,0.4392156862745098,1441.0027484946222,407775
0.6588235294117647,0.5411764705882353,0.4588235294117647,39.00007438673856,897628
0.6352941176470588,0.5098039215686274,0.47843137254901963,461.00087928939683,1035700
0.6784313725490196,0.5254901960784314,0.4980392156862745,904.0017242464528,995440
0.6431372549019608,0.5333333333333333,0.49019607843137253,135.00025749255656,987299
0.6784313725490196,0.5333333333333333,0.47058823529411764,258.00049209688586,851978
0.08627450980392157,0.09019607843137255,0.13333333333333333,84.00016021759075,364105
0.12156862745098039,0.08627450980392157,0.13333333333333333,22.000041961749957,825726
0.06666666666666667,0.10588235294117647,0.15294117647058825,559.0010662099194,468518
0.10980392156862745,0.10980392156862745,0.12941176470588237,2848.005432139267,149863
0.0784313725490196,0.06666666666666667,0.16470588235294117,2.0000038147045416,861633
0.12156862745098039,0.08235294117647059,0.1607843137254902,5.000009536761354,878016
0.0784313725490196,0.11764705882352941,0.17647058823529413,131.00024986314747,335369
0.09803921568627451,0.12156862745098039,0.1568627450980392,198.00037765574962,178662
0.4666666666666667,0.39215686274509803,0.26666666666666666,433.00082588353325,53254
0.48627450980392156,0.38823529411764707,0.27450980392156865,1388.0026474049519,11367
0.4627450980392157,0.40784313725490196,0.25098039215686274,10.000019073522708,95234
0.49019607843137253,0.40784313725490196,0.27450980392156865,465.0008869188059,719514
0.4549019607843137,0.3764705882352941,0.28627450980392155,415.0007915511924,711316
0.49411764705882355,0.39215686274509803,0.2823529411764706,885.0016880067597,676203
0.4588235294117647,0.4196078431372549,0.30980392156862746,53.00010108967035,697965
0.49411764705882355,0.4235294117647059,0.30980392156862746,198.00037765574962,708249
0.25882352941176473,0.34901960784313724,0.16470588235294117,2283.004354485234,649084
0.27058823529411763,0.35294117647058826,0.1607843137254902,2946.0056190597898,686954
0.2627450980392157,0.37254901960784315,0.16470588235294117,908.0017318758619,368619
0.27450980392156865,0.36470588235294116,0.16862745098039217,4119.007856384003,721723
0.2627450980392157,0.3568627450980392,0.1843137254901961,878.0016746552938,331669
0.27450980392156865,0.35294117647058826,0.17647058823529413,1508.0028762872244,693039
0.2627450980392157,0.36470588235294116,0.17254901960784313,615.0011730216465,365466
0.27450980392156865,0.3686274509803922,0.1803921568627451,1968.003753669269,733935
0.1607843137254902,0.2901960784313726,0.16470588235294117,3465.0066089756183,15211
0.1803921568627451,0.29411764705882354,0.1568627450980392,1899.0036220619622,374552
0.16862745098039217,0.3058823529411765,0.16862745098039217,1901.0036258766668,65465
0.1843137254901961,0.2980392156862745,0.16862745098039217,2403.0045833675067,379657
0.16470588235294117,0.2823529411764706,0.17254901960784313,1396.00266266377,185195
0.17647058823529413,0.29411764705882354,0.1803921568627451,2320.0044250572682,6695
0.16470588235294117,0.30196078431372547,0.17254901960784313,842.001605990612,41868
0.17254901960784313,0.3058823529411765,0.17254901960784313,884.0016860994074,33681
0.27058823529411763,0.27450980392156865,0.2784313725490196,931.0017757449641,608808
0.30980392156862746,0.27058823529411763,0.27058823529411763,399.00076103355605,134528
0.2784313725490196,0.2901960784313726,0.2549019607843137,109.00020790139752,347562
0.29411764705882354,0.28627450980392155,0.2784313725490196,433.00082588353325,641752
0.25098039215686274,0.27058823529411763,0.30196078431372547,584.0011138937261,628343
0.30980392156862746,0.25882352941176473,0.2823529411764706,94.00017929111345,164333
0.27058823529411763,0.2901960784313726,0.29411764705882354,577.0011005422602,374147
0.28627450980392155,0.28627450980392155,0.29411764705882354,634.0012092613397,536092
0.5882352941176471,0.6352941176470588,0.6470588235294118,313.00059700126076,535208
0.611764705882353,0.6431372549019608,0.6470588235294118,486.0009269732036,292471
0.5725490196078431,0.6627450980392157,0.6431372549019608,10.000019073522708,126427
0.6039215686274509,0.6549019607843137,0.6509803921568628,262.00049972629495,306771
0.5647058823529412,0.6313725490196078,0.6745098039215687,1187.0022640271454,939004
0.592156862745098,0.6235294117647059,0.6745098039215687,855.0016307861915,906127
0.5803921568627451,0.6588235294117647,0.6666666666666666,152.00028991754516,612030
0.6039215686274509,0.6549019607843137,0.6745098039215687,474.00090408497636,452187
0.7803921568627451,0.6549019607843137,0.5137254901960784,79.00015068082939,822874
0.8235294117647058,0.6745098039215687,0.5215686274509804,9.000017166170437,877394
0.788235294117647,0.7176470588235294,0.5411764705882353,7.0000133514658955,227683
0.8274509803921568,0.6941176470588235,0.5450980392156862,7.0000133514658955,877393
0.7647058823529411,0.6823529411764706,0.5725490196078431,594.0011329672489,873148
0.8117647058823529,0.6666666666666666,0.611764705882353,62.00011825584079,973986
0.7607843137254902,0.7098039215686275,0.6196078431372549,148.00028228813608,713034
0.8352941176470589,0.7098039215686275,0.5882352941176471,28.000053405863582,842392
